-1.765186326314265713e-19
-1.679900827262558381e-19
-1.604027083076471800e-19
-1.601172018677449377e-19
-1.595758559533152849e-19
-1.467789994745902124e-19
-1.627927753186302028e-19
-1.512491709341056641e-19
-1.624306832717744637e-19
-1.675022253372636292e-19
-1.890821973553545312e-19
-1.592432441205183570e-19
-1.635891330732308665e-19
-1.805713564118037374e-19
-1.694004102746315098e-19
-1.849746247304109187e-19
-1.268383117121027080e-19
-1.705675941232722683e-19
-1.770767338113978113e-19
-1.574596105502811806e-19
-1.535843564878733274e-19
-1.773751182601803314e-19
-1.657905121029660374e-19
-1.515519622291385604e-19
-1.663953957222090171e-19
-1.350788183525613899e-19
-1.665377966198511911e-19
-1.580071443012512631e-19
-1.621898119706025498e-19
-1.579255402273808480e-19
-1.675408077597838200e-19
-1.659156604019092846e-19
-1.700167642765960546e-19
-1.703489889957994442e-19
-1.719124197557081131e-19
-1.541800937337919588e-19
-1.610352787934589638e-19
-1.556047787299553733e-19
-1.661581478043726881e-19
-1.556933210455783584e-19
