-5.295558978942797140e-19
-1.007940496357535029e-18
-1.604027083076471703e-18
-3.202344037354898851e-18
-4.468123966692828073e-18
-5.871159978983608497e-19
-8.139638765931509901e-19
-7.562458546705283204e-19
-4.872920498153234151e-19
-6.700089013490545167e-19
-5.672465920660636177e-19
-6.369729764820734280e-19
-9.815347984393851988e-19
-7.222854256472149495e-19
-1.016402461647789107e-18
-3.699492494608218374e-19
-2.536766234242054161e-19
-5.117027823698168288e-19
-3.541534676227956227e-19
-3.149192211005623611e-19
-3.071687129757466548e-19
-5.321253547805409701e-19
-3.315810242059320748e-19
-4.546558866874156813e-19
-9.983723743332540542e-19
-2.701576367051227798e-19
-1.165764576338958410e-18
-2.212100020217517731e-18
-3.243796239412050995e-18
-3.000585264320236233e-18
-2.010489693117405839e-18
-1.327325283215274277e-18
-3.400335285531921092e-19
-1.022093933974796617e-18
-6.876496790228324524e-19
-1.541800937337919684e-18
-2.254493903108425541e-18
-1.400443008569598311e-18
-1.163107034630608792e-18
-1.089853247319048485e-18
