-3.305592371375029126e-19
-6.291763397987109292e-19
-1.001265345241243260e-18
-1.998966315452495953e-18
-2.789091115288906121e-18
-3.664893869527845379e-19
-5.080923074863614041e-19
-4.720635796944621372e-19
-3.041773094977049694e-19
-4.182327723776869343e-19
-3.540865119014129855e-19
-3.976110964307574361e-19
-6.126933822967447620e-19
-4.508648100169880624e-19
-6.344584654480580901e-19
-2.309296188894019048e-19
-1.583499521998785235e-19
-3.194149702683001044e-19
-2.210695802888861677e-19
-1.965787897007255642e-19
-1.917407696477819265e-19
-3.321631428093264413e-19
-2.069794158588839375e-19
-2.838051727137426226e-19
-6.232037292966629196e-19
-1.686377257834723864e-19
-7.276932436572773375e-19
-1.380836467052133348e-18
-2.024841597635487268e-18
-1.873024509563193535e-18
-1.254987324043324394e-18
-8.285426237298840153e-19
-2.122556358009938049e-19
-6.380111947408218634e-19
-4.292444937720551812e-19
-9.624225576391508441e-19
-1.407299564986532654e-18
-8.741841501682886183e-19
-7.260343537020029852e-19
-6.803078947060227083e-19
