1.856115282292315858e-23
1.389241054987432048e-23
9.858076049925808056e-24
4.367622332904676582e-23
5.564506950866917149e-23
1.720041414957366913e-23
2.799254533974161419e-23
2.452990831828520296e-23
2.014901979408006899e-23
2.292377463691269623e-23
2.404277134686570593e-23
1.226728198694012894e-23
2.669976696824769237e-23
1.910905335239309394e-23
3.358776055936626877e-23
1.329887539311846130e-23
9.131542670647197521e-24
1.305273603205230187e-25
8.845346217762377218e-24
6.101441674975396547e-24
6.638267993336189921e-26
2.278330340827225107e-23
1.728796239157719527e-23
1.098578850959411106e-23
2.755300517095097944e-23
7.071720528976658937e-24
2.617467944857820204e-23
8.247667037437906742e-27
1.754087580624501061e-23
1.840074979200073435e-23
3.147948237020066116e-24
2.485322782964596687e-23
1.882565399589494489e-24
3.281519036389362300e-23
2.169537506937215083e-23
3.026708898292362755e-23
3.912628408535204570e-23
2.382547882739781802e-23
2.264678589787952395e-23
2.025623257862650248e-23
