-7.282154900016321903e-19
-9.191948739047075466e-19
-4.330954557967317851e-19
-8.157195268025500016e-19
-7.932744829982195693e-19
-1.542725368971889752e-18
-1.572244239643997131e-18
-1.582030473913848474e-18
-1.680853216724667721e-18
-2.728840084578959358e-18
-3.878892038595387523e-18
-3.291802538889063853e-18
-3.993380008985905721e-18
-4.790653852659021824e-18
-4.872841729084316853e-18
-5.760070068261798213e-19
-5.883941325284736949e-19
-5.961590707457510046e-19
-1.010685833293075034e-18
-7.610416052454894949e-19
-7.570027435041341232e-19
-8.303592232111647585e-19
-7.093399744662452394e-19
-7.592628835144511556e-19
-1.341076966367909657e-18
-4.691070500802343742e-19
-4.269580132909558516e-19
-8.945345818908111033e-19
-7.238397539640649531e-19
-5.269710822990283476e-19
-5.668082502171361381e-19
-4.871021721467768976e-19
-7.792005420373256752e-19
-7.229344436527600761e-19
-5.943373321419119781e-19
-6.489069877460232676e-19
-9.998684046618862932e-19
-1.067356523470263272e-18
-9.017895920256360679e-19
-6.623338198559110724e-19
-7.000755248865984171e-19
-1.031310699935027009e-18
-3.516942689361093129e-18
-1.360469323720976166e-18
-8.267994389026323304e-19
-3.128298398152912791e-19
-4.782728881857374622e-19
-4.899222607191777668e-19
-5.449677184423842138e-19
-5.164914580525853282e-19
-2.146511378404038163e-19
-5.122017145280630778e-19
-4.973646925212772804e-19
-4.116846234304531725e-19
-3.448405351016442701e-19
-3.198553639752106724e-19
-6.262080518320038304e-19
-3.683106032788979481e-19
-3.033298342656332621e-19
-2.913009687368462367e-19
-2.999502997469318698e-19
-3.420220033549956136e-19
-3.071749644303240534e-19
-4.852848035497850727e-19
-4.928508687926608603e-19
-8.932629626744758606e-19
-3.038257282991725097e-19
-1.620958425620837384e-18
-1.940318620059912991e-18
-4.105617590255938286e-19
-8.033184023529565543e-19
-7.350551588632758779e-19
-1.039515875552206955e-18
-9.811579244806329280e-19
-9.765374455122291842e-19
-2.264654724525270023e-19
-3.125995822287093329e-19
-3.151395711422264082e-19
-1.232604869217359348e-18
-1.238735602696022119e-18
-1.074731159215597585e-18
-2.374702202123757242e-18
-2.121609625116402494e-18
-2.212548091363920655e-18
-3.378705917296471866e-18
-3.300927799196638424e-18
-3.101349461399000508e-18
-3.034288319407907546e-18
-2.991222872620509435e-18
-2.985055402780054972e-18
-2.022930107669128013e-18
-2.111691198310294917e-18
-1.881258758032902679e-18
-1.305653365224251111e-18
-1.311820835064705958e-18
-1.359927099820251921e-18
-3.350291472234033052e-19
-3.365133733297980862e-19
-3.622558710130913612e-19
-8.390041745762908356e-19
-1.157941670901122773e-18
-1.570270641754723200e-18
-6.393472130016282182e-19
-7.572206504868400911e-19
-6.928028699190451572e-19
-1.362640117568792215e-18
-1.581649310237633807e-18
-1.998774129352495580e-18
-2.438057308421387950e-18
-2.141029848926925141e-18
-2.246597422442312066e-18
-1.380420576693452402e-18
-1.413316998226885667e-18
-1.408814923777577830e-18
-1.160398374118610321e-18
-1.092846007701687299e-18
-1.275663195837130635e-18
-1.070430179892552547e-18
-1.125066948631303413e-18
-1.070430179892552547e-18
