-1.621865390886501838e-19
-1.648265338160407894e-19
-1.626934571882996514e-19
-1.664796659131219063e-19
-1.625022973957333839e-19
-1.602904193173699276e-19
-1.675666600824536476e-19
-1.730130100847591238e-19
-1.650404142996576770e-19
-1.610084322825211801e-19
-1.749911330262898428e-19
-1.657507519622189509e-19
-1.627086201137785195e-19
-1.702337894921717929e-19
-1.688770639278522989e-19
-1.677939869044855351e-19
-1.812653009558503769e-19
-1.750429518977726501e-19
-1.665575015749556593e-19
-1.644571446833880930e-19
-1.682814182278554822e-19
-1.996810349977297206e-19
-1.927672431985394492e-19
-1.790448378772363373e-19
-1.770661670544335375e-19
-1.745069069026855869e-19
-1.718478309755369648e-19
-1.638596281336523438e-19
-1.628180675416458246e-19
-2.077628693212358848e-19
-2.021914489548279988e-19
-1.972336473656959140e-19
-2.364777073478619158e-19
-2.196592331760971655e-19
-2.125931658218823669e-19
-2.084458311800000198e-19
-1.723911934923369710e-19
-1.604272051488767600e-19
-3.168204672450935510e-19
-2.844406594706918579e-19
