-1.625818522705862417e-19
-1.649922443677234834e-19
-1.630163862982018242e-19
-1.668623443483050335e-19
-1.625162995188244142e-19
-1.720220491949763931e-19
-1.671077795558979416e-19
-1.728548924843849043e-19
-1.647687852386307265e-19
-1.611709310094171061e-19
-1.751063541124131705e-19
-1.657250541712170412e-19
-1.610459489158301082e-19
-1.698674517729589082e-19
-1.688605538632846858e-19
-1.680432179836870701e-19
-1.814404060231338246e-19
-1.750955210429255233e-19
-1.665117358636149455e-19
-1.649452511198769796e-19
-1.685820121361799326e-19
-1.994766703897947162e-19
-1.915801734326550961e-19
-1.864285024782583437e-19
-1.787787848461586923e-19
-1.741142277839594395e-19
-1.733754849752559401e-19
-1.638482302950579515e-19
-1.624112766868188832e-19
-2.079331816685468660e-19
-2.036789960445820817e-19
-1.956178011222671931e-19
-2.368751717466322230e-19
-2.151506584848098035e-19
-2.135041647867011168e-19
-2.126850523892289091e-19
-1.722997319277154748e-19
-1.604902343802295584e-19
-3.163824225107504801e-19
-2.847348752744875651e-19
