-2.834420251585165929e+01
-2.057541132539503081e+01
-2.030913788028731659e+01
-1.870359566360744452e+01
-1.419969268891732561e+01
-1.400641548926255631e+01
-1.255047792050433841e+01
-1.187853418134374195e+01
-1.030105508776582290e+01
-1.004939752226799854e+01
-8.737706137365689685e+00
-8.276312848809748601e+00
-8.124412271545642383e+00
-7.437640989690248006e+00
-7.378364639800807367e+00
-7.331044198377193233e+00
-6.788242232316809677e+00
-6.555220178798977670e+00
-6.237446771876479445e+00
-6.158790066599228119e+00
-5.251671739823348339e+00
-4.985264609816179693e+00
-4.812653918087080207e+00
-4.470058430184970177e+00
-4.420658658055850232e+00
-4.356763811647592632e+00
-4.290376950649106291e+00
-4.090942362761812667e+00
-4.064938615543813860e+00
-3.890277610763574589e+00
-3.785954966479736505e+00
-3.693122091270512719e+00
-2.951967735606856991e+00
-2.742021547976770890e+00
-2.653815335724453384e+00
-2.602043867754358253e+00
-2.151971307568322445e+00
-2.002624005553427455e+00
-1.977446009131949456e+00
-1.775346308261244843e+00
