-2.841328862465540439e+01
-2.059609708928809013e+01
-2.034944934659890237e+01
-1.874658867828938469e+01
-1.420091621528016290e+01
-1.395786114790997878e+01
-1.251610849454661611e+01
-1.186767831958053065e+01
-1.028410126507366407e+01
-1.005953993704894600e+01
-8.743459388824565082e+00
-8.275029699530863425e+00
-8.041391308828906404e+00
-7.421635422025829598e+00
-7.377643302789296698e+00
-7.341933289762068604e+00
-6.794799778667699464e+00
-6.557188851729549128e+00
-6.235732882164124469e+00
-6.177069266802286407e+00
-5.261052576698475036e+00
-4.980162414470242105e+00
-4.783017368510335210e+00
-4.654400031913175972e+00
-4.463416113050642231e+00
-4.346960129922778471e+00
-4.328516573778212084e+00
-4.090657802731493931e+00
-4.054782618244478165e+00
-3.893466642151835355e+00
-3.813808697789537128e+00
-3.662866009017779589e+00
-2.956929311454242981e+00
-2.685740695242200271e+00
-2.665187399423296188e+00
-2.654962362161679579e+00
-2.150829586469793941e+00
-2.003410803850147470e+00
-1.974711937626784097e+00
-1.777182666474141692e+00
