-3.624143957226454854e-02
-5.149024272322022533e-02
-5.087362336649725592e-02
-5.785984159965859575e-02
-7.245365415959267863e-02
-8.259089436633124115e-02
-8.691742010101816129e-02
-9.807998611223579799e-02
-1.028410126507366407e-01
-1.005953993704894744e-01
-1.366165529503838294e-01
-1.292973390551697410e-01
-1.256467392004516626e-01
-1.514619473882822531e-01
-1.505641490365162427e-01
-1.498353732604504052e-01
-1.887444382963250067e-01
-1.821441347702652536e-01
-1.732148022823367939e-01
-1.715852574111746132e-01
-2.104421030679390070e-01
-3.112601509043901316e-01
-2.989385855318959506e-01
-2.909000019945734983e-01
-2.789635070656651394e-01
-2.716850081201736544e-01
-2.705322858611382553e-01
-2.556661126707183707e-01
-2.534239136402798853e-01
-4.326074046835372555e-01
-4.237565219766152302e-01
-4.069851121130865779e-01
-7.392323278635607453e-01
-6.714351738105500678e-01
-6.662968498558240471e-01
-6.637405905404198947e-01
-5.377073966174484854e-01
-5.008527009625368676e-01
-1.974711937626784097e+00
-1.777182666474141692e+00
