-6.935019399010237604e-19
-1.050573126257553140e-18
-1.611709310094171109e-18
-3.299844887354469860e-18
-4.552291863576415056e-18
-5.868534033668016032e-19
-8.429100606808996149e-19
-7.663206937306203845e-19
-7.457140099130333747e-19
-7.151151393846347693e-19
-6.110369881337462691e-19
-6.553929211802318060e-19
-9.896715067192618776e-19
-7.979066815591788650e-19
-1.901403817328233875e-18
-4.270083295734022336e-19
-4.253701047784578182e-19
-4.737503434932644460e-19
-4.303013169696196070e-19
-3.209804687604591169e-19
-3.163824225107504801e-19
-6.237995450056405979e-19
-1.288367591326640865e-18
-6.496451067472755326e-19
-9.990704151816896250e-19
-2.847348752744875651e-19
-1.182023877042992824e-18
-2.236286639534693207e-18
-3.260327725964036676e-18
-3.003522198269490651e-18
-2.005293354670775203e-18
-1.325800433369736330e-18
-3.445994638554309496e-19
-1.189072162410712334e-18
-6.964569111358377580e-19
-1.647687852386307265e-18
-2.275228193263541848e-18
-1.400850832899305364e-18
-1.176302525885809418e-18
-1.088642436138802900e-18
