3.214885973635340396e-23
3.402931714444996235e-23
3.117397366492132182e-23
1.953260087284214711e-22
2.944460312136834632e-22
3.440082829914733826e-23
6.259323424290719500e-23
5.485054248152325850e-23
3.489912600605767658e-23
4.584754927382539246e-23
4.164330152753261354e-23
2.453456397388025788e-23
6.540080532342383806e-23
3.821810670478618788e-23
8.227287497322505668e-23
1.880744994525795364e-23
1.291395149021789850e-23
2.260800198529957163e-25
1.250920858504511417e-23
8.628741566778619083e-24
9.387928626843271384e-26
3.946183906738471004e-23
2.444887087996447756e-23
1.902794385982337274e-23
6.749080354909629105e-23
1.000092308139103001e-23
6.925169246777117080e-23
3.085994429428149190e-26
7.844518137529054091e-23
8.020700882870826321e-23
1.090481257223125886e-23
7.029554373086754066e-23
2.662349520153788027e-24
8.038047220383482180e-23
4.339075013874430166e-23
9.571293932902784836e-23
1.463971498649731904e-22
7.147643648219345111e-23
5.991776348071383448e-23
5.359295390213033661e-23
