1.033549182347725014e-45
1.157994425317555961e-45
9.718166340612082068e-46
3.815224968577538161e-44
8.669846529748945852e-44
1.183416987667416261e-45
3.917912972987450560e-45
3.008582010517387761e-45
1.217948995986691291e-45
2.101997774415847371e-45
1.734164562113000009e-45
6.019448293884229819e-46
4.277265336952384004e-45
1.460623680098423054e-45
6.768825956359921678e-45
3.537201734433834151e-46
1.667701430917010814e-46
5.111217537673093470e-50
1.564802994241663801e-46
7.445518102625313725e-47
8.813320390270338335e-51
1.557236742580169959e-45
5.977472873051749656e-46
3.620626475325900431e-46
4.555008563702709298e-45
1.000184624798998533e-46
4.795796909650754548e-45
9.523361618461568256e-52
6.153646481002230477e-45
6.433164265248485843e-45
1.189149372354929137e-46
4.941463468418310728e-45
7.088104967463104909e-48
6.461020311711461708e-45
1.882757197602938632e-45
9.160966755002166528e-45
2.143212548858741931e-44
5.108880972193035284e-45
3.590138380530764303e-45
2.872204707955867470e-45
