6.913064963757619146e-45
9.599283979231300592e-45
1.391378384100703250e-45
3.424549427605329630e-45
3.003480179838077715e-45
4.191014663631196572e-45
1.830984779904748927e-45
5.007004735160966457e-45
3.531992413911816821e-45
9.252371348608425251e-44
1.569865406431826096e-43
1.107081178724224430e-43
2.000148289637174190e-43
3.031364897485936558e-43
3.090467683344713322e-43
3.415107648789772712e-45
4.460978664325072079e-45
3.048519415949730988e-45
1.795669630444635255e-44
9.823343747300162554e-45
1.023017187940171200e-44
1.183305537562525822e-44
7.120563048571455325e-45
9.307941780323255321e-45
2.724003617802374435e-44
2.637696289877888603e-45
2.467776581720043815e-45
9.336988223999774099e-45
6.863810927544167171e-45
4.485404743647246545e-45
4.983785184432912151e-45
3.669307847969733517e-45
9.665115566760985252e-45
3.045093842375932514e-45
1.236393424038162156e-45
1.908103193352922652e-45
1.348193087387392952e-44
1.456284241593997474e-44
1.099469254496325656e-44
3.555467748825262381e-45
3.072868996079960760e-45
1.282818984209187817e-44
2.573694647456850847e-43
3.039337731091896835e-44
9.013171451044849519e-45
5.308022483103624432e-46
2.101528235453448274e-45
2.139913883570847933e-45
3.005052504755530341e-45
2.432485045220468393e-45
1.903890810106414435e-46
5.159484059743476212e-50
9.921454626181687826e-48
1.216021113563361752e-47
3.611127859817154376e-46
3.193106870393036912e-46
2.042413620382300647e-45
3.185008650161392739e-46
1.594779290507806899e-46
2.487110719808781647e-46
7.097813883127354533e-48
1.129369894257947075e-46
8.824966986493222086e-51
3.352463604401201499e-45
3.633034716068617975e-45
1.457236603732744217e-44
6.093986738211957440e-46
5.402329933386764152e-44
7.420950918771031521e-44
4.134751132629139132e-46
6.598108507212571824e-45
5.211885981179405828e-45
1.412329714371577314e-44
1.381634447247232211e-44
1.309663103977895237e-44
2.011321770484311977e-46
2.866300023886059693e-46
6.504145904912411614e-46
1.696124674095011098e-44
1.695309933000892730e-44
1.104097339326203497e-44
2.663644688695925346e-51
1.482355394968150524e-51
4.570762132438998761e-47
2.955411240861933585e-44
1.450038980127135259e-44
1.674891196191187983e-44
2.382296159032415105e-44
1.775243509006830630e-44
1.750152127448446182e-44
2.285917120251688400e-46
4.934377833207255485e-46
4.979676128276146257e-46
1.562924456624466702e-44
1.539386775439794239e-44
1.361921945695085840e-44
6.230982608274205793e-47
9.540609077343045437e-48
4.946212908436491512e-47
1.069540114015516650e-44
2.503267827933105040e-44
4.688583429585460786e-44
4.591656179593612074e-45
7.233996859234649597e-45
5.710584473144933616e-45
1.856282171815580072e-44
2.671584520094699052e-44
5.600140524649803152e-44
8.132180937015029447e-44
5.315836045132904550e-44
6.430707983686797801e-44
1.461079915100784377e-44
1.477628601655629084e-44
1.677316230535610748e-44
1.042574872010677250e-44
9.007681259950920764e-45
1.396490821400288944e-44
8.912893479011957017e-45
8.079464533231438794e-45
8.912893479011957017e-45
