3.445163941159083381e-46
1.929990708862593398e-46
9.718166340612082457e-47
1.907612484288769143e-45
3.096373760624623252e-45
2.958542469168540651e-46
7.835825945974901120e-46
6.017164021034775366e-46
4.059829986622304564e-46
5.254994436039618428e-46
5.780548540376666439e-46
1.504862073471057455e-46
7.128775561587307191e-46
3.651559200246057636e-46
1.128137659393320280e-45
1.768600867216917076e-46
8.338507154585054072e-47
1.703739179224364490e-50
7.824014971208319004e-47
3.722759051312656863e-47
4.406660195135169168e-51
5.190789141933900122e-46
2.988736436525874828e-46
1.206875491775300079e-46
7.591680939504515497e-46
5.000923123994992665e-47
6.851138442358220450e-46
6.802401156043976928e-53
3.076823240501115394e-46
3.385875929078150607e-46
9.909578102957743215e-48
6.176829335522888410e-46
3.544052483731552454e-48
1.076836718618577003e-45
4.706892994007346581e-46
9.160966755002166528e-46
1.530866106327672808e-45
5.676534413547817241e-46
5.128769115043949338e-46
4.103149582794096609e-46
