1.557571638207806734e-18
1.261070427292867178e-18
1.557571638207806734e-18
1.257632251800330236e-18
1.540187521918467929e-18
1.292740182423976274e-18
1.540187521918467929e-18
1.285591963993689264e-18
1.540187521918467929e-18
1.285591963993689264e-18
1.548861780011137400e-18
1.282041140518990522e-18
1.548861780011137400e-18
1.278506013560784675e-18
1.548861780011137400e-18
1.274986713714764049e-18
1.540187521918467929e-18
1.271483372434482166e-18
1.553212296489501323e-18
1.267996122026780820e-18
1.557571638207806734e-18
1.264525095646844282e-18
